1772
0
0
0
0
0
0
0
0
0
0
0
0
0
0
0
0
0
0
0
0
0
0
0
0
0
-0.753267
-0.753267
-0.392
-0.2
0.545238
-1.38376
-1.24276
-0.753267
-0.474062
-0.106
-1.80881
-1.67584
-1.3021
-1.01069
-0.510728
-1.89795
-1.87634
-1.67584
-1.31912
-0.910721
-2.27213
-1.93645
-1.80758
-1.52958
-1.24276
-2.17133
-2.17642
-2.05373
-2.05334
-1.66438
-1.67584
-1.53597
-1.23787
-0.101479
-1.17846
-1.53189
-1.24276
-0.816141
1.57047
-0.772179
-1.08621
-0.788436
-0.921248
4.28969
0.126016
-0.753267
-0.78181
-0.245621
1.1118
-0.2
-2.39756
-2.38595
-2.48084
-2.28711
-2.17288
-2.17378
-2.17663
-2.16329
-1.97375
-2.05305
-1.78565
-1.67
-1.21957
-1.69251
-1.89168
-0.753267
1.47049
-1.21452
-1.11908
-1.70072
0.850407
-0.173211
-0.531238
-1.26761
-1.52991
13.1103
7.85532
2.34986
1.93549
-0.704561
-1.92363
-2.03379
-2.04864
-1.82715
-1.45439
-2.17663
-2.17189
-2.15487
-2.00171
-1.88769
-2.49383
-2.323
-2.2848
-2.14354
-2.00004
-2.6706
-2.49015
-2.64194
-2.6309
-2.16916
1.37322
-0.2
-0.937286
-1.30468
-1.64663
-2.2649
-2.28956
-2.27511
-2.09381
-1.98801
-2.38535
-2.57848
-2.3032
-2.2403
-2.12115
-2.49806
-2.3556
-2.39681
-2.28572
-2.21747
-2.39519
-2.47232
-2.38198
-2.39495
-2.39799
0
0
0
0
0
0
0
0
0
0
0
0
0
0
0
0
0
0
0
0
0
0
0
0
0
-2.28728
-2.28957
-2.28025
-2.04759
-1.59617
-1.67374
-1.53733
-1.23712
0.36092
-1.20601
-1.24276
-1.08621
-0.741771
2.3297
-0.740925
-0.923136
-0.504438
-0.922604
5.55648
0.0697638
-0.751065
-0.57632
0
0.455257
-0.138286
-2.39407
-2.39798
-2.39798
-2.38934
-2.22014
-2.28322
-2.17663
-2.17642
-2.00884
-2.10495
-1.9214
-1.78938
-1.06206
-1.74115
-1.93557
-0.57632
1.64032
-1.03573
-1.29908
-1.71313
1.39431
-0.2
-0.719853
-1.28753
-1.39305
-1.3244
-0.0146659
2.87365
1.48742
10.5329
-0.392
-0.392
-0.392
0.155786
4.37763
-0.923136
-0.923136
-1.02478
0.930981
-0.198544
-1.67584
-1.65862
-1.39305
-0.611613
-0.648066
-2.24636
-2.11355
-1.87306
-1.26041
-1.08621
1.24187
-0.3878
-0.942932
-1.48221
-1.75731
-2.28957
-2.28704
-2.28574
-2.12658
-1.96689
-2.39754
-2.39184
-2.33988
-2.25477
-2.14336
-2.5949
-2.40618
-2.38796
-2.30909
-2.22897
-2.49826
-2.66206
-2.48689
-2.4974
-2.38931
-1.08621
-0.923136
-0.681344
-0.2
0.411752
-1.53733
-1.37593
-0.882101
-0.396227
-0.174227
-1.66701
-1.6495
-1.445
-0.787967
-0.487698
-1.93645
-1.82593
-1.79936
-1.20286
-0.732271
-1.9254
-2.04826
-1.80881
-1.78706
-1.24276
0
0
0
0
0
0
0
0
0
0
0
0
0
0
0
0
0
0
0
0
0
0
0
0
0
-2.39306
-2.28583
-2.28029
-2.39323
-2.16708
-2.28957
-2.38475
-2.1727
-1.89312
-2.03738
-1.91797
-1.66956
-0.927911
-1.33921
-1.84881
-0.753267
3.66528
-1.08621
-0.366852
-1.61458
1.82009
0.501582
-0.611993
-1.08621
-1.39209
-2.5483
-2.51915
-2.31463
-2.11061
1.47414
-0.57632
-0.57632
-0.57632
3.7601
4.12307
-0.392
-0.392
-0.470696
15.8951
-0.23563
-0.392
1.29149
-0.392
28.1572
4.37699
-0.93312
2.72878
1.30967
9.35691
0
0.785398
-0.073039
-0.977049
-1.62342
-1.66605
-2.39464
-2.47455
-2.48141
-2.17048
-1.99858
-2.39656
-2.39694
-2.32759
-2.26244
-2.17462
-2.49477
-2.39061
-2.39799
-2.31797
-2.23869
-2.39799
-2.58071
-2.37074
-2.37884
-2.39545
-1.08621
-0.923136
-0.54522
0
0.0778243
-1.38758
-1.2372
-0.915949
-0.544623
-0.106
-1.8088
-1.67074
-1.29701
-0.770934
-0.46653
-1.80774
-1.74841
-1.67566
-1.24447
-0.736775
-1.92309
-1.80768
-1.80343
-1.53728
-1.23671
-2.16944
-2.17663
-2.05899
-1.93525
-1.48019
-1.38987
-1.39305
-1.08621
1.17939
-1.10517
-1.08621
-1.08621
-0.809965
3.82557
-0.638336
-1.24276
-0.170125
-0.923136
8.07122
0.658518
-0.57632
-0.738993
-0.2
1.34287
0.00706279
0
0
0
0
0
0
0
0
0
0
0
0
0
0
0
0
0
0
0
0
0
0
0
0
0
-2.49597
-2.79728
-2.49478
-2.28682
-1.64177
-1.66718
-1.67567
-1.67583
-1.28228
-1.06977
-1.08621
-1.08621
-1.04749
1.47201
-1.60035
-0.2
10.25
-0.751464
4.11936
-1.09413
9.34654
10.1418
4.75777
1.40068
-1.08621
0
0
0
0
0
0
0
0
0
0
0
0
0
0
0
0
0
0
0
0
0
0
0
0
0
-0.742208
-0.753267
-0.392
-0.120618
0.908317
-1.39305
-1.24009
-0.753267
-0.589123
6.54931
-1.79727
-1.67584
-1.39177
-0.598656
2.92669
-1.93645
-1.9345
-1.54921
-0.847312
0.402893
-2.15551
-1.95055
-1.80866
-1.51838
-1.03483
-2.16785
-2.16189
-2.05539
-2.15078
-1.80266
-1.67584
-1.52831
-1.24276
-0.923136
-1.25171
-1.52814
-1.23298
-0.91874
-0.586987
-0.750091
-1.08621
-0.91252
-0.90577
-0.1114
-0.476078
-0.753267
-0.488932
-0.186247
0.0800956
-0.199106
-2.39194
-2.39723
-2.28744
-2.2819
-2.17626
-2.16178
-2.16928
-2.1733
-2.02075
-2.05949
-1.80881
-1.67584
-1.53462
-1.7051
-1.90686
-0.753267
-0.633549
-0.978042
-1.39122
-1.72411
0
-0.139619
-0.392
-1.03489
-1.38793
12.6941
7.93857
1.55861
2.4732
-0.548498
-1.91899
-1.93151
-2.05316
-2.02194
1.5824
-2.17455
-2.16183
-2.1687
-1.9348
-0.0505621
-2.49407
-2.49183
-2.1534
-1.6182
-1.48749
-2.48369
-2.37337
-2.56777
-1.97092
-2.09651
0.854946
-0.0439435
-0.767665
-1.38831
-1.89723
-2.28873
-2.27961
-2.17582
-2.42727
-1.36503
-2.49455
-2.38433
-2.39701
-2.14414
-1.90638
-2.38245
-2.3905
-2.34472
-2.28475
-2.18657
-2.49704
-2.35095
-2.49206
-2.3207
-2.29503
0
0
0
0
0
0
0
0
0
0
0
0
0
0
0
0
0
0
0
0
0
0
0
0
0
-2.28704
-2.38468
-2.16594
-2.05206
-1.67584
-1.66718
-1.53733
-1.2369
-1.00596
-1.38049
-1.37838
-1.08621
-0.74177
-0.620071
-0.743038
-0.923136
-0.753267
-0.885406
-0.109632
-0.507045
-0.747738
-0.479145
0
0.573437
-0.212504
-2.37689
-2.3817
-2.39798
-2.36426
-2.28684
-2.17449
-2.17663
-2.46108
-2.25667
-2.11921
-1.93517
-1.80881
-1.53733
-1.75088
-1.9537
-0.57632
-0.622835
-1.07693
-1.4854
-1.74744
1.15497
-0.195231
-0.624658
-1.08212
-1.38216
-1.19257
-0.411188
2.04274
1.52117
12.731
-0.392
-0.392
-0.392
-0.392
28.787
-0.923136
-0.923136
-1.08621
1.20692
16.2703
-1.67584
-1.6754
-1.0253
4.25576
5.78096
-2.23509
-1.8418
-1.70471
1.55285
0.693429
0.788032
0.00388305
-0.7865
-1.32611
-2.02656
-2.38778
-2.27964
-2.38719
-2.27816
-1.62335
-2.39193
-2.39121
-2.49413
-2.22713
-1.97713
-2.49747
-2.66364
-2.37975
-2.30369
-2.19946
-2.59041
-2.40431
-2.48807
-2.34826
-2.30495
-1.08621
-0.923136
-0.57632
-0.2
1.22803
-1.53691
-1.08162
-0.753267
-0.573231
5.53088
-1.67226
-1.52831
-1.38341
0.33977
2.11532
-2.04775
-1.92912
-1.58809
-1.07034
-0.0948842
-1.93158
-1.83141
-1.79409
-1.46746
-1.1551
0
0
0
0
0
0
0
0
0
0
0
0
0
0
0
0
0
0
0
0
0
0
0
0
0
-2.39607
-2.27762
-2.27807
-2.28568
-2.17663
-2.38993
-2.36033
-2.17131
-2.05235
-2.05025
-1.80572
-1.66964
-1.39305
-1.75066
-1.88284
-0.753267
-0.697226
-1.05356
-1.37079
-1.68483
0.692562
-0.0461234
-0.489377
-1.08738
-1.37308
-2.53936
-2.35303
-2.20176
-1.8793
-1.36038
-0.57632
-0.57632
-0.57632
-0.753267
-0.486244
-0.392
-0.392
-0.57632
-0.301192
-0.116898
-0.392
-0.57632
-0.460337
5.04593
-0.318707
-0.9351
-0.55441
-0.2
9.8217
0
1.03273
-0.0719814
-0.990724
-1.40108
-1.86563
-2.39121
-2.38132
-2.28957
-2.38345
-1.64414
-2.39765
-2.39518
-2.39799
-2.22984
-1.99391
-2.49937
-2.57722
-2.36871
-2.30986
-2.21445
-2.58788
-2.38759
-2.49879
-2.34435
-2.30843
-1.08621
-0.923136
-0.392
0.0182236
-0.2
-1.39305
-1.24241
-1.19829
-0.781312
4.40705
-1.8088
-1.80196
-1.39305
-0.762228
1.62483
-1.79911
-1.8088
-1.5806
-1.12426
-0.372917
-1.93521
-1.76839
-1.67583
-1.43484
-1.1635
-2.17663
-2.1739
-2.05899
-1.9293
-1.79266
-1.38693
-1.39305
-1.23061
-0.815883
-1.14456
-1.08621
-1.08621
-0.753267
-0.378511
-0.734292
-1.23968
-0.921982
-0.83559
-0.164419
-0.309173
-0.57609
-0.551962
-0.0474898
0.813861
-0.114512
0
0
0
0
0
0
0
0
0
0
0
0
0
0
0
0
0
0
0
0
0
0
0
0
0
-2.66804
-2.6646
-2.5783
-2.46412
-2.60825
-1.78165
-1.79168
-1.66142
-1.66763
-1.9521
-1.08621
-1.23952
-1.08039
-1.4683
-1.60522
-0.2
-0.386
-0.684066
-0.776168
-1.3264
7.36916
1.6876
3.65677
0.432775
-1.01175
0
0
0
0
0
0
0
0
0
0
0
0
0
0
0
0
0
0
0
0
0
0
0
0
0
-0.800506
-0.627372
1.25072
5.92039
1.04778
-1.3131
-1.08901
0.0377567
2.66054
0.0346561
-1.73094
-1.52152
-0.689172
0.717332
-0.544634
-1.90823
-1.86118
-1.66379
-1.2382
-0.753267
-2.05794
-1.94117
-1.81769
-1.52332
-1.23718
-2.16372
-2.13627
-2.06108
-1.9265
-1.67584
-1.60273
-1.51307
-1.18805
-0.924321
-1.23787
-1.52077
-1.1836
-0.204562
-0.549479
-0.753267
-1.08051
-0.849308
-0.906551
-0.243801
-0.57632
-0.687476
0.789745
3.97266
0.0669884
-0.242717
-2.30468
-2.2979
-2.28544
-2.24436
-2.1669
-2.16979
-2.14333
-2.08178
-1.98897
-2.05061
-1.72876
-1.65586
-1.49048
-1.72781
-1.93645
-0.430689
-0.587583
-1.08457
-1.39305
-1.77739
0.761914
-0.112514
-0.421095
-1.10113
-1.53247
6.71461
6.56528
1.1494
0.284838
-0.123848
-1.87564
-1.8761
-1.86456
-0.799503
-1.59567
-2.14694
-2.12568
-1.72162
-1.03034
-2.0196
-2.31848
-2.31276
-2.48035
-2.38424
-2.05803
-2.38581
-2.30956
-2.18256
-2.25232
-2.28606
0.672437
-0.0249031
-0.645174
-1.21363
-2.04953
-2.26872
-2.24505
-2.15597
-1.84728
-2.10519
-2.35557
-2.3415
-2.29713
-2.19883
-2.38245
-2.36898
-2.35759
-2.39121
-2.55886
-2.27908
-2.35856
-2.3593
-2.34842
-2.31979
-2.39799
0
0
0
0
0
0
0
0
0
0
0
0
0
0
0
0
0
0
0
0
0
0
0
0
0
-2.22093
-2.20064
-2.12124
-1.95347
-1.80604
-1.62568
-1.49504
-1.11005
-0.881984
-1.36769
-1.26016
-1.03053
0.0850993
-0.462685
-0.753267
-0.967051
-0.728216
-0.923136
0.15777
-0.392
-0.559683
1.44843
5.27883
0.271216
-0.305361
-2.33471
-2.32989
-2.3142
-2.28967
-2.27891
-2.16778
-2.15548
-2.10513
-2.0093
-2.16301
-1.83132
-1.6872
-1.47216
-1.76575
-2.05392
-0.283058
-0.597779
-0.923136
-1.53733
-1.92322
0.0331067
-0.16252
-0.769608
-1.21171
-1.39305
4.24482
8.75085
16.2622
28.7823
16.6704
-0.376634
-0.376612
-0.376934
9.89517
6.74206
-0.966459
-0.970541
2.75933
8.76089
2.51688
-1.6685
-1.64114
-1.39305
-0.489948
-0.687002
-1.62685
-1.04282
-0.0695276
-1.23091
-1.22475
0.353375
-0.24879
-0.845735
-1.36348
-2.04814
-2.26135
-2.24819
-2.20805
-2.01299
-2.32772
-2.37967
-2.37003
-2.32251
-2.19338
-2.36335
-2.4181
-2.40411
-2.38697
-2.3888
-2.28625
-2.41091
-2.40325
-2.38167
-2.34756
-2.39066
-1.01198
-0.7682
1.02387
4.98913
1.17636
-1.42376
-1.03596
0.0855221
2.31158
0.0907184
-1.6712
-1.51805
-0.878502
-0.663278
-0.574808
-1.94942
-1.83507
-1.66918
-1.24276
-0.752347
-1.86587
-1.82226
-1.69706
-1.4717
-1.37485
0
0
0
0
0
0
0
0
0
0
0
0
0
0
0
0
0
0
0
0
0
0
0
0
0
-2.29708
-2.28255
-2.25679
-2.22541
-2.27036
-2.26724
-2.22229
-2.1269
-1.95476
-2.05899
-1.7751
-1.60691
-1.38943
-1.71914
-1.91391
-0.279076
-0.660824
-1.35137
-1.39072
-1.90302
0.053212
0.0346303
-0.577015
-1.19062
-1.49392
-1.9848
-1.64127
-1.06891
-0.11519
-1.402
-0.624517
-0.620302
-0.614616
-0.73788
-0.495945
-0.461549
-0.460946
3.37504
1.64281
1.12711
-0.46188
-0.436954
-0.392
11.3825
-0.261012
8.54056
15.8987
28.1598
4.7059
0
0.172866
-0.271456
-0.875317
-1.25373
-1.66741
-2.32931
-2.30624
-2.22508
-2.02237
-2.04518
-2.3669
-2.35464
-2.32438
-2.20719
-2.36121
-2.40649
-2.39336
-2.478
-2.37909
-2.38837
-2.39078
-2.38863
-2.37346
-2.34567
-2.38247
-1.08555
-0.82244
0.556719
3.84622
0.646974
-1.4201
-1.21237
-0.504081
1.42166
-0.12182
-1.74448
-1.59071
-1.14885
-0.0881253
-0.392
-1.78866
-1.74479
-1.67068
-1.24276
-0.753267
-1.83938
-1.77967
-1.67276
-1.41542
-1.24276
-2.13596
-2.09173
-2.01023
-1.85763
-1.67584
-1.41153
-1.31078
-0.71422
-0.858654
-1.24276
-1.1151
-0.841179
0.731809
-0.540755
-0.753267
-1.20394
-0.902421
-0.923136
-0.00812126
-0.392
-0.315313
3.08606
7.87025
0.43878
0
0
0
0
0
0
0
0
0
0
0
0
0
0
0
0
0
0
0
0
0
0
0
0
0
0
-2.3895
-2.31492
-2.19106
-1.985
-2.39502
-1.66578
-1.66622
-1.66373
-1.66994
-2.12194
-1.08929
-1.09096
-0.952117
-1.30612
-1.96336
-0.2878
-0.300986
-0.726426
-0.273756
-1.39305
9.50819
3.95093
2.40698
-0.488802
-1.08621
0
0
0
0
0
0
0
0
0
0
0
0
0
0
0
0
0
0
0
0
0
0
0
0
0
-0.753267
-0.63524
-0.303865
-0.175143
0.317282
-1.51759
-1.1595
-0.6911
-0.593001
-0.0921738
-1.80881
-1.59118
-1.39843
-0.881534
-0.551652
-1.93304
-1.88133
-1.67383
-1.23128
-0.864776
-2.05149
-1.94524
-1.81951
-1.57107
-1.20127
-2.17648
-2.12768
-2.05127
-1.92585
-1.66864
-1.67584
-1.51017
-1.22555
-0.892016
-1.11475
-1.66672
-1.20015
-0.900403
-0.706877
-0.361326
-1.08621
-0.860004
-0.942481
-0.12492
-0.728265
-0.753267
-0.452469
-0.202
0
3.54695
-2.39798
-2.29115
-2.28103
-2.24909
-2.18018
-2.17663
-2.14846
-2.073
-1.97974
-2.0528
-1.80881
-1.65837
-1.39983
-1.70585
-1.89075
-0.914316
-0.469233
-0.201222
-1.52224
-1.7903
0.845709
4.14082
1.48221
-0.122157
-1.16
9.62149
29
16.4
8.84
4.304
-2.05215
-1.86716
-1.86424
-1.86623
-1.71566
-2.17663
-2.14506
-2.14379
-2.03557
-1.85569
-2.39214
-2.31676
-2.2385
-2.39189
-2.04575
-2.67923
-2.38853
-2.31719
-2.27945
-2.15998
1.31292
6.51805
2.90296
0.729113
-0.579968
-2.28957
-2.24514
-2.18239
-2.10799
-1.96176
-2.39799
-2.33847
-2.31444
-2.21099
-2.11017
-2.39701
-2.35609
-2.34706
-2.39265
-2.28957
-2.39799
-2.35463
-2.34437
-2.32083
-2.29656
0
0
0
0
0
0
0
0
0
0
0
0
0
0
0
0
0
0
0
0
0
0
0
0
0
-2.28728
-2.19595
-2.13415
-1.98506
-1.69285
-1.79781
-1.50046
-1.18669
-0.882155
-0.878657
-1.24276
-1.09335
-0.847788
-0.595183
-0.0961912
-1.08621
-0.681442
-0.899105
-0.2
-0.569288
-0.742208
-0.441836
-0.19636
0.498125
4.09444
-2.39798
-2.32531
-2.3144
-2.2942
-2.23015
-2.16928
-2.15472
-2.11084
-2.02399
-2.11432
-1.93645
-1.71181
-1.47567
-1.67488
-1.94182
-0.745774
-0.726569
-0.0368649
-1.53142
-1.80881
0
4.41145
1.62211
-0.0923151
-1.16021
-1.07095
-0.555879
-0.12821
0.77567
9.69049
-0.392
-0.366484
-0.36616
-0.36616
0.280739
-0.923136
-0.957214
-0.955058
-0.289397
1.12721
-1.65907
-1.66235
-1.32821
-0.63615
-0.753267
-2.40486
-1.91466
-1.60824
-1.27056
-0.971786
0
4.28495
1.5703
-0.0586993
-1.03623
-2.28388
-2.24316
-2.21625
-2.1357
-2.03252
-2.48897
-2.36821
-2.33024
-2.23741
-2.14607
-2.4878
-2.40684
-2.37896
-2.39389
-2.28626
-2.5804
-2.40091
-2.3806
-2.34881
-2.31463
-1.08621
-0.839808
-0.535091
-0.202
0.0620839
-1.52791
-1.17216
-0.647959
-0.472987
-0.159364
-1.67584
-1.56024
-1.27776
-0.830405
-0.381868
-2.05259
-1.84367
-1.627
-1.23112
-0.742309
-1.93149
-1.81414
-1.70235
-1.45595
-1.23708
0
0
0
0
0
0
0
0
0
0
0
0
0
0
0
0
0
0
0
0
0
0
0
0
0
-2.39448
-2.27643
-2.25874
-2.22073
-2.17032
-2.28933
-2.22515
-2.12804
-1.95825
-2.04053
-1.80572
-1.61795
-1.40674
-1.66761
-1.835
-0.909985
-0.530697
0.759943
-1.52325
-1.65986
1.65905
8.07075
3.82388
1.2425
-0.662911
-2.47528
-2.15941
-1.98507
-1.78721
-1.37707
-0.57632
-0.608009
-0.599441
-0.606395
-0.81714
-0.392
-0.441836
-0.451533
-0.351396
8.5377
-0.392
-0.452433
-0.460862
6.65353
-0.2
-0.00716989
-0.187023
3.3184
11.4511
22.7881
0.847865
4.13837
1.48207
-0.111853
-1.06866
-2.4824
-2.30673
-2.26631
-2.1253
-2.02211
-2.39282
-2.35688
-2.33551
-2.25539
-2.15721
-2.49085
-2.39953
-2.37203
-2.39502
-2.2802
-2.39121
-2.38766
-2.37197
-2.34731
-2.31437
-1.08621
-0.870311
-0.498219
-0.1
0.240716
-1.39305
-1.2607
-0.850172
-0.469396
-0.28816
-1.804
-1.60611
-1.29092
-0.878299
-0.387242
-1.8088
-1.75434
-1.57997
-1.22826
-0.753267
-1.93182
-1.78117
-1.66209
-1.46444
-1.21824
-2.17541
-2.09382
-2.01636
-1.85988
-1.55244
-1.51963
-1.30776
-1.02568
-0.785929
-0.589992
-1.23852
-0.971144
-0.700746
-0.485208
-0.13125
-1.23787
-0.863754
-0.902048
0.363385
-0.392
-0.57632
-0.462576
-0.203802
0.352938
6.6119
0
0
0
0
0
0
0
0
0
0
0
0
0
0
0
0
0
0
0
0
0
0
0
0
0
-2.55592
-2.39497
-2.34048
-2.26499
-2.15208
-1.67583
-1.66025
-1.65488
-1.6553
-1.87747
-1.23459
-1.07514
-1.07251
-1.35017
-0.116541
-0.2
-0.28276
-0.100316
-0.354332
-1.38671
18.2518
28.1402
15.8848
8.53142
2.32014
0
0
0
0
0
0
0
0
0
0
0
0
0
0
0
0
0
0
0
0
0
0
0
0
0
-0.962
-0.98
-0.5
-0.5
12.5824
-1.4408
-1.4408
-1.39987
-0.5
-0.668293
-1.88317
-2.2635
-1.8692
-1.42993
-1.02433
-2.29185
-1.87758
-2.27019
-1.43857
-1.3949
-2.28709
-2.64615
-2.29284
-1.88317
-1.86057
-2.66912
-3.00447
-2.30784
-2.28552
-1.88317
-1.88317
-1.87011
-1.42151
-0.98
-1.412
-2.24161
-1.75339
-0.98
-0.856216
-0.98
-1.4408
-0.98
-0.98
-0.5
-1.37216
-0.98
-0.969069
-0.783567
8.81742
-0.5
-2.70683
-2.64354
-2.30784
-3.03008
-2.66174
-2.69821
-2.23838
-2.64864
-3.30303
-2.69289
-2.27407
-2.26274
-1.8778
-1.80718
-2.63299
-0.98
-0.875568
-0.979187
-1.4408
-1.86366
8.56836
-1.21617
-1.20249
-2.14404
-2.24801
18.5165
5.54419
1.94918
-0.515717
-2.36633
-1.85552
-2.66774
-2.27211
-2.28311
-2.9258
-2.29492
-2.67797
-3.31024
-3.86091
-3.4621
-2.71553
-3.92542
-2.28248
-4.22025
-2.69296
-3.37791
-3.96463
-3.66326
-2.68173
-2.28836
12.5415
-0.5
-1.92609
-2.30415
-2.53387
-2.30044
-3.0352
-3.05859
-2.681
-2.97761
-2.71553
-3.06499
-2.69626
-3.3474
-2.6963
-2.66485
-3.08405
-3.06894
-2.6508
-3.046
-2.71553
-2.71259
-3.66562
-3.36651
-2.68196
0
0
0
0
0
0
0
0
0
0
0
0
0
0
0
0
0
0
0
0
0
0
0
0
0
-2.30784
-3.03354
-2.29656
-2.28552
-1.79104
-1.88317
-1.86105
-1.86606
-1.36615
-1.43888
-1.4408
-1.40001
-1.41197
-1.42117
-1.77582
-1.4146
-0.98
-1.41971
-0.617622
-0.5
-0.98
-0.97352
-0.5
10.9307
-0.791037
-2.69005
-2.65104
-2.67148
-2.68833
-2.30784
-2.68006
-2.67672
-2.67864
-2.59898
-3.28909
-1.88127
-1.85055
-1.87383
-1.88317
-2.64547
-1.3826
-0.86975
-1.74728
-2.27467
-1.83324
9.02247
-1.15441
-2.299
-2.09945
-1.39806
-1.39231
-0.626526
0.764657
3.86428
15.9533
-0.5
-0.5
-0.5
-0.5
6.07261
-0.98
-0.97352
-0.98
-0.746191
0.494793
-1.87126
-1.88027
-1.4408
-1.84802
-0.98
-3.24707
-2.25115
-2.202
-1.75747
-0.98
8.80893
-1.24725
-2.28152
-1.83455
-2.25707
-2.30784
-2.30784
-2.61865
-3.91545
-2.25543
-2.6814
-3.41674
-3.02194
-3.67016
-2.65734
-2.67717
-3.63902
-3.04485
-3.06648
-3.01858
-3.06187
-2.96408
-3.00172
-3.66933
-3.40231
-1.43244
-1.41658
-0.95
-0.693675
10.8849
-1.4408
-1.42352
-1.41552
-1.65773
-1.11431
-2.27586
-1.87928
-1.82828
-1.36442
-0.5
-2.30784
-2.29517
-1.85552
-1.4408
-1.40973
-2.65854
-2.66939
-1.8772
-1.88317
-1.4408
0
0
0
0
0
0
0
0
0
0
0
0
0
0
0
0
0
0
0
0
0
0
0
0
0
-2.69592
-2.28715
-2.70894
-2.58355
-3.02873
-2.30509
-2.30784
-2.67952
-3.04025
-2.69459
-1.85584
-1.88317
-1.41821
-1.86354
-2.30214
-0.98
-0.5
-0.98
-1.8457
-1.88317
15.124
-0.567189
-1.05536
-1.3881
-2.17419
-2.68487
-2.27442
-3.78718
-3.01635
-2.80988
-0.5
-0.98
-0.95
-0.98
-2.49766
-0.95
-0.5
-0.5
1.70949
-0.502439
-0.962
-0.971989
-0.967268
4.59187
-0.95
-1.13384
0.00410955
4.5803
7.99603
-0.5
8.56554
-1.12372
-1.61405
-1.81322
-2.91684
-2.69647
-2.63254
-2.28356
-3.87801
-3.01179
-2.67338
-3.3685
-3.05849
-2.68825
-2.26257
-3.02294
-4.3769
-2.69529
-2.68952
-2.68151
-2.70064
-3.36583
-3.04541
-3.02357
-2.7081
-1.4408
-0.98
-0.961017
-0.5
9.01485
-2.56056
-2.22425
-0.98
-0.962
-1.42129
-2.2168
-1.83496
-1.84757
-1.42045
-1.24273
-2.27221
-2.29127
-1.88186
-1.4408
-0.98
-1.88317
-2.2902
-1.86293
-1.85772
-1.42328
-2.60942
-2.6278
-2.68814
-1.88317
-2.25507
-1.83641
-1.84403
-1.4408
-1.34236
-2.81016
-1.8325
-0.98
-0.98
-0.743214
-0.98
-1.43418
-1.82518
-0.98
-0.473664
-0.5
-0.98
-0.5
-0.491073
15.1204
-0.5
0
0
0
0
0
0
0
0
0
0
0
0
0
0
0
0
0
0
0
0
0
0
0
0
0
-2.92138
-3.969
-3.04972
-3.045
-3.28734
-2.25027
-1.88317
-1.86646
-1.88317
-3.91975
-1.412
-1.4408
-1.83401
-2.39541
-2.81373
-0.5
-0.629322
-0.98
-1.39886
-1.4408
13.1476
8.2178
2.13082
-0.596127
-1.43386
0
0
0
0
0
0
0
0
0
0
0
0
0
0
0
0
0
0
0
0
0
0
0
0
0
-0.98
-0.98
-0.959394
-0.5
0.547114
-1.4236
-1.412
-1.41658
-1.13701
-0.5
-1.88317
-1.87129
-1.83736
-1.98539
-1.4032
-2.26565
-2.2448
-2.25214
-1.42755
-0.98
-2.30784
-2.23509
-1.8688
-1.87148
-1.4408
-3.0517
-2.6467
-2.30784
-2.30255
-1.87129
-1.88317
-1.86879
-1.85513
-0.98
-1.4408
-1.88317
-1.43638
-1.37852
-1.20278
-0.96662
-1.4408
-1.40197
-0.98
-0.95
-0.962
-0.98
-0.922239
-0.5
-0.704973
-0.5
-2.70765
-3.0428
-2.69026
-2.29139
-3.37553
-2.29497
-2.2823
-2.93302
-2.30359
-3.03991
-1.87989
-1.85916
-1.83361
-2.21957
-2.3009
-0.98
-0.864137
-1.39518
-1.84146
-1.86165
-0.362563
-0.975989
-0.95
-0.98
-1.86156
50
7.72833
2.69995
-0.305171
-2.15611
-1.88317
-1.87182
-2.28391
-2.28555
-3.16304
-2.3018
-2.2784
-2.68212
-3.84009
-2.97962
-3.05112
-2.6111
-3.05796
-3.0002
-2.64745
-3.97293
-4.14872
-3.02583
-4.68262
-2.2595
-0.20361
-0.835503
-1.97091
-1.7409
-2.63069
-2.95381
-2.99691
-2.30784
-3.35467
-3.26736
-2.69329
-2.70708
-3.26663
-3.03911
-3.33539
-2.68908
-3.06097
-2.68231
-3.81732
-3.05538
-2.56822
-2.71219
-3.05337
-2.69197
-2.66003
0
0
0
0
0
0
0
0
0
0
0
0
0
0
0
0
0
0
0
0
0
0
0
0
0
-2.69087
-2.2953
-3.35762
-3.31035
-2.27121
-2.23754
-1.88317
-1.4218
-1.76052
-1.42046
-1.41776
-1.41794
-0.98
-1.27141
-0.95
-0.98
-0.971989
-0.98
-0.5
-0.5
-0.98
-0.929461
-0.5
-0.334292
-1.49727
-2.63732
-2.70736
-2.71553
-2.28806
-2.58683
-2.2813
-3.05849
-2.67927
-3.33219
-2.30784
-2.29641
-1.88071
-1.84901
-1.86155
-2.30432
-0.95
-1.25808
-2.16343
-1.41811
-2.29006
-0.613553
-0.689135
-0.854366
-1.79864
-2.54641
-2.10807
-0.837573
0.350204
3.20647
49.6494
-0.5
-0.5
-0.95
-0.5
8.50718
-0.98
-0.98
-2.17172
-1.07174
2.59737
-2.28844
-1.88317
-1.4408
-1.7087
-0.98
-3.85506
-3.70371
-2.58738
-2.28441
-1.43496
-0.357608
-1.2404
-2.04469
-2.12926
-3.17171
-3.03752
-2.66868
-2.64566
-2.69389
-3.26565
-2.70264
-3.37824
-3.64575
-3.65084
-2.99241
-3.37098
-3.08359
-3.07837
-2.68878
-2.69328
-2.71506
-3.67208
-2.68926
-2.70332
-2.6927
-0.98
-0.98
-0.5
-0.88077
0.387929
-1.8803
-1.4408
-0.98
-1.10217
-0.887884
-2.28182
-1.87922
-1.87
-0.98
-0.5
-2.30273
-3.28972
-2.58662
-1.43452
-1.41234
-1.88317
-1.88317
-1.86757
-1.88317
-1.412
0
0
0
0
0
0
0
0
0
0
0
0
0
0
0
0
0
0
0
0
0
0
0
0
0
-2.68693
-3.0275
-2.29192
-2.30784
-2.68849
-2.29157
-2.28501
-2.29055
-2.95749
-3.3139
-1.84672
-1.88317
-1.43706
-2.91228
-2.27822
-0.962
-0.5
-0.97352
-1.41776
-1.85968
-0.250865
-0.897368
-0.974173
-1.81567
-1.86847
-3.6902
-3.86526
-3.4514
-3.10309
-3.43372
-0.97352
-0.972598
-0.98
-1.40832
-2.30169
-0.5
-0.5
-0.862715
1.21313
-0.983432
-0.5
-1.7309
-0.5
2.86137
-0.5
-0.869546
1.70296
3.11157
48.5934
0.248103
-0.327948
-0.884585
-1.85218
-1.86519
-1.87299
-2.70388
-2.63367
-2.70622
-2.65083
-2.9832
-2.6689
-3.06255
-3.06038
-2.65572
-3.30654
-2.63041
-2.67179
-3.06656
-2.65102
-2.29632
-2.71553
-3.60568
-2.65055
-3.06022
-2.68781
-1.4408
-0.9614
-1.367
-0.903906
-0.504849
-1.4408
-1.4408
-0.98
-0.95
-1.47499
-1.8803
-2.22893
-1.43445
-1.76925
-0.853109
-2.62553
-1.88317
-1.86485
-1.4408
-0.98
-1.85454
-2.29999
-1.8762
-1.4408
-1.85728
-2.26626
-3.04947
-2.27903
-1.87989
-1.88317
-1.4408
-1.43369
-1.43543
-1.35745
-1.4286
-1.4408
-0.95
-1.38252
-1.19466
-0.98
-1.41574
-0.95
-0.95
-0.479699
-0.5
-0.95
-0.909559
-0.493909
0.73971
-0.5
0
0
0
0
0
0
0
0
0
0
0
0
0
0
0
0
0
0
0
0
0
0
0
0
0
-3.40123
-3.96405
-3.38405
-3.04052
-3.35541
-2.55228
-1.85552
-1.86199
-2.27363
-3.5301
-1.43369
-1.42399
-1.42682
-3.02007
-2.77805
-0.5
-0.5
-0.98
-1.55858
-1.4408
48.5659
5.3174
2.495
-0.680032
-0.98
