0 208 -479
1 421 -871
2 247 -328
3 210 -401
4 305 -563
5 340 -626
6 290 -401
7 201 -305
8 371 -639
9 273 -488
10 311 -545
11 391 -617
12 273 -607
13 67 -63
14 175 -351
15 228 -330
16 265 -334
17 238 -324
18 342 -551
19 560 -923
20 199 -333
21 525 -835
22 212 -281
23 325 -482
24 72 -38
25 193 -358
26 175 -198
27 180 -255
28 309 -496
29 145 -197
30 30 21
31 215 -274
32 151 -146
33 202 -262
34 270 -361
35 389 -651
36 167 -206
37 257 -336
38 306 -425
39 381 -615
40 67 -35
41 235 -282
42 156 -182
43 66 -40
44 243 -356
45 339 -551
46 63 -26
47 152 -178
48 100 -80
49 53 -14
50 220 -306
51 197 -299
52 161 -200
53 157 -198
54 75 -66
55 159 -182
56 77 -44
57 290 -398
58 265 -384
59 118 -108
60 198 -325
61 14 40
62 142 -210
63 64 -44
64 287 -387
65 51 -25
66 90 -57
67 18 35
68 224 -289
69 78 -69
70 69 -43
71 131 -126
72 131 -132
73 338 -505
74 190 -190
75 64 -21
76 90 -79
77 205 -308
78 246 -368
79 253 -319
80 15 43
81 84 -71
82 75 -63
83 149 -173
84 27 18
85 38 4
86 144 -168
87 114 -117
88 99 -98
89 197 -251
90 139 -158
91 38 4
92 12 48
93 42 3
94 120 -113
95 192 -255
96 130 -172
97 38 12
98 159 -183
99 71 -47
100 115 -113
101 147 -142
102 88 -56
103 67 -42
104 17 43
105 64 -13
106 23 31
107 154 -185
108 95 -105
109 16 43
110 38 14
111 149 -153
112 58 -14
113 148 -155
114 76 -36
115 63 -36
116 11 51
117 72 -26
118 95 -87
119 43 11
120 259 -319
121 100 -81
122 16 33
123 86 -74
124 64 -40
125 17 39
126 85 -81
127 26 25
128 76 -50
129 10 51
130 14 45
131 54 -21
132 146 -159
133 27 20
134 117 -106
135 81 -67
136 124 -124
137 75 -57
138 8 54
139 22 27
140 70 -32
141 60 -28
142 64 -32
143 16 44
144 35 10
145 47 -14
146 24 31
147 52 -13
148 34 21
149 135 -169
150 65 -23
151 129 -160
152 88 -62
153 78 -54
154 104 -75
155 141 -160
156 92 -73
157 104 -90
158 111 -123
159 139 -146
160 40 14
161 135 -129
162 132 -150
163 168 -188
164 93 -65
165 21 39
166 79 -35
167 135 -145
168 60 -24
169 34 26
170 24 33
171 49 1
172 14 40
173 21 35
174 14 48
175 50 -9
176 55 -18
177 44 -1
178 91 -74
179 26 32
180 18 34
181 21 28
182 63 -21
183 52 -11
184 34 14
185 44 -26
186 79 -61
187 51 -21
188 53 -17
189 94 -62
190 117 -117
191 127 -134
192 116 -91
193 49 -1
194 127 -142
195 67 -54
196 8 50
197 15 45
198 71 -32
199 101 -91
200 26 23
201 63 -15
202 24 28
203 48 -4
204 81 -55
205 116 -81
206 110 -104
207 12 46
208 80 -82
209 42 1
210 66 -22
211 21 28
212 90 -83
213 36 13
214 63 -31
215 49 -15
216 10 52
217 50 -1
218 33 11
219 85 -53
220 101 -76
221 94 -62
222 98 -76
223 73 -55
224 136 -123
225 21 41
226 13 49
227 14 44
228 16 46
229 47 2
230 52 -5
231 107 -79
232 38 8
233 80 -60
234 24 27
235 51 -14
236 56 -10
237 81 -57
238 25 35
239 53 -8
240 23 33
241 46 3
242 30 21
243 11 51
244 59 -15
245 66 -37
246 38 12
247 12 50
248 37 7
249 25 31
250 83 -72
251 20 36
252 13 41
253 79 -52
254 13 49
255 22 32
256 19 41
257 22 31
258 24 26
259 37 1
260 13 37
261 22 32
262 47 7
263 16 41
264 53 -24
265 70 -34
266 14 44
267 10 52
268 68 -27
269 117 -125
270 33 6
271 71 -33
272 91 -68
273 19 43
274 28 33
275 27 26
276 15 47
277 48 -3
278 61 -7
279 11 50
280 61 -10
281 48 -1
282 50 0
283 71 -33
284 13 45
285 15 47
286 59 -27
287 29 24
288 22 31
289 76 -59
290 39 12
291 28 22
292 19 43
293 38 18
294 31 13
295 26 29
296 18 40
297 17 42
298 46 1
299 15 46
300 99 -72
301 16 46
302 42 11
303 44 9
304 46 6
305 41 6
306 14 48
307 13 40
308 7 55
309 42 -1
310 30 19
311 63 -10
312 33 7
313 10 52
314 28 27
315 16 46
316 22 31
317 23 37
318 57 -9
319 23 35
320 28 23
321 17 44
322 44 10
323 20 41
324 101 -75
325 24 29
326 14 44
327 20 42
328 59 -12
329 43 6
330 18 40
331 40 6
332 31 27
333 19 36
334 30 14
335 61 -25
336 10 52
337 87 -58
338 62 -24
339 16 38
340 16 46
341 15 43
342 15 42
343 49 4
344 33 20
345 18 44
346 54 -12
347 14 48
348 17 40
349 14 44
350 21 29
351 60 -29
352 20 33
353 47 14
354 45 10
355 32 23
356 27 30
357 15 39
358 28 28
359 89 -71
360 21 29
361 58 -15
362 11 51
363 16 44
364 72 -26
365 12 46
366 19 36
367 10 44
368 11 49
369 89 -61
370 49 2
371 24 25
372 38 15
373 17 45
374 27 29
375 35 19
376 11 47
377 10 52
378 42 4
379 14 48
380 11 51
381 42 8
382 24 23
383 46 4
384 43 -2
385 52 -11
386 24 37
387 45 7
388 16 41
389 36 15
390 21 38
391 14 48
392 35 2
393 17 37
394 22 34
395 42 16
396 38 3
397 29 23
398 21 35
399 19 35
400 14 34
401 21 39
402 39 16
403 33 18
404 45 -5
405 25 25
406 32 7
407 65 -32
408 48 -1
409 12 46
410 26 25
411 21 37
412 21 36
413 11 51
414 30 29
415 25 34
416 10 52
417 28 31
418 28 20
419 28 31
420 40 9
421 14 48
422 44 12
423 27 26
424 13 48
425 62 -16
426 55 -14
427 14 48
428 48 -4
429 17 36
430 36 13
431 32 25
432 12 50
433 53 3
434 58 -25
435 56 -17
436 26 35
437 17 41
438 47 4
439 71 -26
440 40 6
441 30 9
442 22 36
443 45 13
444 24 24
445 65 -38
446 34 18
447 37 24
448 36 23
449 54 -6
450 29 26
451 34 8
452 15 47
453 30 20
454 20 35
455 32 21
456 39 17
457 74 -48
458 19 38
459 56 -19
460 12 49
461 29 17
462 12 50
463 31 29
464 18 43
465 14 48
466 60 -32
467 43 -11
468 23 31
469 15 47
470 11 51
471 28 17
472 16 46
473 27 31
474 29 21
475 37 7
476 34 5
477 10 44
478 35 16
479 10 44
480 65 -31
481 18 40
482 18 41
483 31 21
484 24 25
485 11 47
486 10 52
487 27 28
488 18 44
489 15 39
490 19 42
491 51 3
492 16 45
493 16 44
494 65 -33
495 44 3
496 36 17
497 31 29
498 36 19
499 18 40
500 90 -66
501 13 45
502 31 28
503 63 -16
504 58 -26
505 43 6
506 33 22
507 67 -20
508 15 42
509 22 36
510 36 21
511 29 27
512 42 12
513 33 27
514 55 -22
515 38 -7
516 15 47
517 26 28
518 48 7
519 35 16
520 13 48
521 20 36
522 21 39
523 33 16
524 20 41
525 26 24
526 40 17
527 16 46
528 17 40
529 34 21
530 33 23
531 58 -3
532 12 46
533 45 6
534 17 44
535 14 48
536 12 50
537 45 7
538 13 45
539 33 22
540 12 50
541 12 49
542 13 49
543 23 34
544 28 14
545 22 37
546 24 31
547 35 17
548 13 49
549 14 44
550 24 25
551 15 43
552 15 43
553 16 42
554 47 7
555 14 44
556 18 43
557 20 41
558 12 49
559 8 54
560 21 32
561 54 -15
562 14 48
563 28 27
564 33 25
565 12 46
566 16 45
567 16 42
568 12 50
569 16 40
570 13 49
571 35 20
572 15 44
573 21 29
574 14 47
575 12 49
576 16 43
577 26 30
578 46 -6
579 13 49
580 22 31
581 32 24
582 20 37
583 13 44
584 28 23
585 35 25
586 29 17
587 38 17
588 11 50
589 15 47
590 15 47
591 45 14
592 21 37
593 23 33
594 42 16
595 12 49
596 18 44
597 10 52
598 18 41
599 38 22
600 12 49
601 32 24
602 25 32
603 41 -12
604 18 43
605 17 40
606 17 39
607 16 42
608 18 44
609 17 38
610 28 30
611 42 9
612 19 40
613 37 9
614 33 20
615 17 40
616 16 42
617 24 31
618 36 9
619 51 6
620 16 46
621 33 22
622 28 30
623 25 21
624 17 45
625 19 39
626 18 40
627 32 23
628 24 33
629 35 18
630 16 42
631 15 45
632 19 42
633 12 50
634 34 15
635 16 41
636 20 41
637 11 51
638 11 51
639 13 45
640 17 44
641 26 30
642 25 32
643 56 -10
644 29 22
645 47 6
646 11 50
647 8 54
648 17 45
649 49 -2
650 18 44
651 32 26
652 39 14
653 11 47
654 15 47
655 21 41
656 25 37
657 33 15
658 15 39
659 31 31
660 37 16
661 24 26
662 46 6
663 24 38
664 10 52
665 36 19
666 14 43
667 11 51
668 18 39
669 16 42
670 18 43
671 17 40
672 33 22
673 24 38
674 42 5
675 25 29
676 34 18
677 13 44
678 12 50
679 42 15
680 17 34
681 37 9
682 11 51
683 17 44
684 46 11
685 13 49
686 22 35
687 26 31
688 12 50
689 26 30
690 14 48
691 12 50
692 8 54
693 26 31
694 11 51
695 19 26
696 29 22
697 13 48
698 25 25
699 26 24
700 17 41
701 16 38
702 16 46
703 17 37
704 13 41
705 18 44
706 17 37
707 14 48
708 20 33
709 43 15
710 26 30
711 35 11
712 21 40
713 25 27
714 19 35
715 12 50
716 19 31
717 42 1
718 15 47
719 12 50
720 14 48
721 33 25
722 23 35
723 16 45
724 12 50
725 27 31
726 15 47
727 31 30
728 60 -15
729 11 47
730 8 54
731 11 46
732 18 40
733 18 40
734 11 50
735 14 48
736 16 46
737 48 6
738 17 44
739 16 46
740 21 33
741 39 11
742 19 37
743 20 39
744 8 53
745 8 53
746 26 34
747 39 21
748 20 38
749 12 50
750 13 48
751 16 41
752 17 45
753 19 39
754 13 45
755 18 44
756 12 50
757 24 35
758 16 46
759 21 39
760 41 10
761 18 42
762 11 51
763 17 37
764 16 37
765 20 42
766 31 21
767 13 41
768 13 41
769 10 48
770 14 44
771 10 52
772 13 48
773 10 52
774 22 32
775 16 37
776 14 43
777 16 44
778 13 48
779 14 48
780 36 9
781 13 49
782 13 48
783 17 41
784 30 26
785 13 49
786 40 6
787 21 37
788 21 33
789 14 44
790 32 16
791 13 45
792 15 47
793 21 37
794 15 46
795 18 44
796 27 26
797 27 30
798 21 40
799 16 46
800 12 50
801 14 48
802 17 29
803 17 42
804 18 43
805 15 47
806 16 38
807 13 48
808 17 40
809 13 45
810 12 50
811 18 44
812 18 39
813 33 18
814 15 47
815 39 2
816 11 51
817 13 45
818 19 38
819 30 22
820 25 30
821 30 21
822 15 47
823 24 33
824 15 46
825 24 37
826 28 20
827 17 45
828 16 42
829 10 52
830 17 45
831 43 14
832 24 35
833 13 49
834 13 49
835 12 50
836 8 54
837 11 50
838 27 17
839 25 29
840 12 45
841 25 32
842 22 34
843 15 43
844 17 38
845 17 45
846 29 28
847 16 42
848 23 35
849 21 31
850 20 36
851 26 32
852 19 41
853 22 36
854 12 50
855 15 42
856 28 30
857 23 38
858 17 41
859 18 44
860 14 48
861 16 38
862 17 44
863 17 40
864 36 13
865 15 43
866 16 46
867 32 14
868 28 27
869 39 20
870 31 30
871 22 27
872 16 45
873 51 1
874 13 45
875 12 50
876 17 39
877 11 51
878 30 27
879 13 49
880 27 26
881 15 47
882 18 43
883 22 40
884 14 43
885 20 42
886 21 33
887 13 45
888 38 15
889 21 32
890 17 40
891 12 50
892 14 44
893 29 29
894 13 45
895 14 48
896 16 38
897 20 40
898 13 45
899 16 44
900 17 37
901 40 7
902 18 38
903 16 45
904 14 43
905 14 46
906 26 26
907 19 42
908 19 40
909 10 52
910 17 43
911 13 49
912 20 38
913 24 33
914 37 12
915 14 47
916 25 29
917 18 44
918 17 44
919 26 28
920 31 22
921 27 27
922 25 28
923 15 47
924 18 38
925 27 30
926 12 46
927 43 0
928 14 47
929 37 16
930 15 38
931 18 32
932 21 37
933 14 44
934 19 39
935 22 35
936 8 54
937 29 23
938 29 28
939 19 42
940 23 34
941 23 35
942 13 49
943 24 33
944 21 37
945 27 29
946 12 46
947 24 34
948 12 50
949 17 45
950 14 47
951 24 27
952 16 46
953 16 44
954 26 25
955 31 23
956 18 40
957 36 22
958 16 45
959 16 38
960 9 49
961 15 46
962 19 42
963 11 51
964 33 17
965 11 51
966 27 29
967 15 43
968 21 41
969 13 49
970 16 46
971 12 50
972 17 40
973 14 42
974 11 50
975 23 34
976 20 41
977 16 46
978 25 32
979 10 52
980 44 0
981 31 20
982 17 39
983 13 47
984 10 47
985 19 34
986 14 48
987 32 18
988 16 46
989 20 34
990 19 38
991 33 27
992 24 34
993 11 51
994 13 49
995 27 26
996 42 13
997 15 44
998 14 43
999 15 43
1000 22 39
1001 35 14
1002 19 43
1003 20 34
1004 18 44
1005 24 38
1006 19 39
1007 36 22
1008 13 48
1009 28 32
1010 18 44
1011 25 29
1012 12 49
1013 13 44
1014 12 50
1015 15 46
1016 25 23
1017 16 46
1018 18 43
1019 29 27
1020 21 40
1021 27 23
1022 19 31
1023 17 44
1024 26 31
1025 18 44
1026 16 42
1027 21 41
1028 24 29
1029 11 47
1030 26 36
1031 12 50
1032 18 43
1033 14 48
1034 18 44
1035 22 28
1036 12 46
1037 23 35
1038 19 39
1039 24 30
1040 10 52
1041 47 8
1042 17 44
1043 29 24
1044 20 41
1045 13 49
1046 11 51
1047 23 35
1048 16 42
1049 15 47
1050 21 38
1051 15 42
1052 16 44
1053 16 46
1054 12 49
1055 29 30
1056 20 37
1057 12 50
1058 14 48
1059 18 43
1060 14 48
1061 16 46
1062 22 32
1063 17 39
1064 16 42
1065 17 41
1066 16 46
1067 33 24
1068 17 45
1069 16 46
1070 30 21
1071 16 42
1072 31 16
1073 15 42
1074 29 30
1075 18 43
1076 17 43
1077 16 45
1078 13 49
1079 16 42
1080 11 47
1081 20 36
1082 13 41
1083 24 33
1084 21 33
1085 28 22
1086 12 49
1087 13 45
1088 24 34
1089 29 23
1090 27 31
1091 17 44
1092 16 40
1093 16 40
1094 19 39
1095 11 51
1096 15 39
1097 21 39
1098 29 33
1099 43 5
1100 12 49
1101 27 26
1102 23 38
1103 26 31
1104 31 26
1105 23 38
1106 15 46
1107 28 34
1108 11 51
1109 12 50
1110 14 48
1111 27 31
1112 14 47
1113 16 46
1114 18 40
1115 15 47
1116 17 42
1117 23 39
1118 40 15
1119 20 33
1120 13 49
1121 30 25
1122 20 42
1123 14 44
1124 23 36
1125 20 32
1126 33 28
1127 18 44
1128 14 46
1129 9 52
1130 17 45
1131 33 15
1132 18 43
1133 23 34
1134 24 37
1135 20 41
1136 12 50
1137 20 41
1138 17 41
1139 29 17
1140 12 50
1141 21 41
1142 16 45
1143 26 36
1144 18 39
1145 20 37
1146 17 43
1147 12 46
1148 30 24
1149 16 38
1150 26 36
1151 19 42
1152 24 35
1153 19 38
1154 17 45
1155 13 45
1156 24 31
1157 17 41
1158 17 36
1159 24 35
1160 23 36
1161 29 24
1162 8 54
1163 14 48
1164 17 40
1165 11 51
1166 17 40
1167 13 49
1168 21 39
1169 15 47
1170 22 40
1171 17 43
1172 22 40
1173 13 45
1174 18 42
1175 16 45
1176 23 28
1177 17 44
1178 33 27
1179 12 50
1180 16 41
1181 36 3
1182 32 20
1183 8 54
1184 16 37
1185 22 32
1186 11 51
1187 42 1
1188 18 36
1189 25 35
1190 11 51
1191 18 41
1192 20 34
1193 32 19
1194 15 47
1195 17 41
1196 17 41
1197 21 37
1198 23 34
1199 15 46
1200 18 44
1201 19 35
1202 27 30
1203 8 54
1204 16 46
1205 18 44
1206 18 36
1207 15 47
1208 19 31
1209 15 46
1210 22 32
1211 38 18
1212 14 48
1213 11 51
1214 22 29
1215 25 34
1216 26 29
1217 22 36
1218 28 31
1219 13 48
1220 33 21
1221 28 22
1222 31 12
1223 29 25
1224 36 7
1225 21 39
1226 17 33
1227 15 43
1228 17 45
1229 18 43
1230 17 39
1231 31 20
1232 22 36
1233 16 41
1234 26 32
1235 20 33
1236 19 35
1237 12 50
1238 30 20
1239 24 30
1240 10 52
1241 29 23
1242 18 40
1243 16 41
1244 15 35
1245 28 34
1246 18 44
1247 8 54
1248 20 41
1249 15 47
1250 12 50
1251 17 37
1252 15 38
1253 13 49
1254 18 40
1255 19 42
1256 29 29
1257 12 48
1258 15 46
1259 28 28
1260 15 47
1261 26 28
1262 10 51
1263 26 28
1264 26 35
1265 24 32
1266 33 29
1267 17 45
1268 17 45
1269 17 41
1270 31 28
1271 17 45
1272 23 39
1273 13 49
1274 29 23
1275 27 27
1276 20 41
1277 21 37
1278 19 39
1279 15 37
1280 30 27
1281 26 36
1282 21 32
1283 21 37
1284 20 34
1285 22 40
1286 23 28
1287 20 41
1288 16 43
1289 25 36
1290 21 40
1291 19 43
1292 13 49
1293 15 47
1294 11 51
1295 16 41
1296 15 47
1297 16 42
1298 16 44
1299 15 46
1300 16 46
1301 15 47
1302 13 47
1303 15 47
1304 13 48
1305 17 45
1306 11 51
1307 14 44
1308 14 48
1309 19 40
1310 19 33
1311 14 43
1312 28 34
1313 11 51
1314 18 40
1315 17 45
1316 14 43
1317 21 37
1318 13 49
1319 14 48
1320 16 45
1321 27 21
1322 13 49
1323 20 38
1324 20 38
1325 11 51
1326 17 45
1327 15 47
1328 7 55
1329 13 49
1330 19 34
1331 19 35
1332 13 48
1333 29 33
1334 22 35
1335 24 38
1336 13 45
1337 345 -342
1338 342 -373
1339 758 -903
1340 15 47
1341 10 52
1342 921 -1084
1343 552 -661
1344 9 53
1345 14 48
1346 390 -435
1347 12 50
1348 558 -638
1349 518 -577
1350 12 50
1351 16 40
1352 81 -36
1353 14 47
1354 132 -115
1355 23 27
1356 41 12
1357 125 -108
1358 13 49
1359 28 29
1360 71 -24
1361 34 12
1362 42 2
1363 16 46
1364 27 29
1365 101 -47
1366 19 41
1367 57 -12
1368 13 49
1369 9 53
1370 12 50
1371 31 31
1372 24 31
1373 15 45
1374 216 -209
1375 49 -3
1376 123 -100
1377 11 51
1378 10 52
1379 16 46
1380 22 35
1381 41 15
1382 15 39
1383 10 48
1384 17 43
1385 24 38
1386 11 51
1387 60 -11
1388 21 33
1389 14 46
1390 66 -32
1391 13 45
1392 283 -308
1393 7 55
1394 16 37
1395 29 32
1396 34 16
1397 36 23
1398 17 36
1399 170 -178
1400 12 50
1401 13 48
1402 38 22
1403 17 43
1404 22 35
1405 29 33
1406 21 36
1407 56 -3
1408 14 47
1409 52 -21
1410 38 16
1411 47 11
1412 38 15
1413 13 49
1414 35 13
1415 16 42
1416 21 35
1417 14 39
1418 10 52
1419 43 11
1420 11 51
1421 16 41
1422 52 2
1423 19 43
1424 74 -37
1425 31 24
1426 56 -9
1427 81 -41
1428 29 24
1429 8 54
1430 11 51
1431 39 15
1432 54 -5
1433 17 45
1434 20 38
1435 36 11
1436 17 45
1437 15 47
1438 15 42
1439 17 41
1440 19 40
1441 11 51
1442 10 52
1443 16 46
1444 18 41
1445 11 51
1446 15 47
1447 8 54
1448 23 38
1449 10 48
1450 15 45
1451 56 -4
1452 33 15
1453 14 40
1454 41 10
1455 12 50
1456 10 44
1457 32 25
1458 15 47
1459 11 51
1460 17 40
1461 15 47
1462 18 39
1463 11 51
1464 14 47
1465 25 32
1466 24 33
1467 33 19
1468 17 32
1469 14 48
1470 13 49
1471 23 39
1472 20 41
1473 15 45
1474 47 10
1475 29 22
1476 8 54
1477 16 43
1478 12 50
1479 21 38
1480 32 28
1481 24 33
1482 24 36
1483 40 20
1484 14 43
1485 16 46
1486 16 42
1487 21 41
1488 27 31
1489 16 44
1490 10 52
1491 50 7
1492 14 48
1493 12 46
1494 36 26
1495 12 42
1496 37 18
1497 17 41
1498 24 36
1499 29 27
1500 37 20
1501 16 45
1502 13 49
1503 12 46
1504 43 3
1505 14 44
1506 27 30
1507 14 47
1508 18 44
1509 21 34
1510 13 39
1511 31 27
1512 9 52
1513 17 41
1514 8 54
1515 10 52
1516 10 52
1517 24 37
1518 23 31
1519 12 46
1520 21 40
1521 24 37
1522 20 31
1523 31 28
1524 48 0
1525 12 50
1526 11 47
1527 14 44
1528 24 38
1529 15 46
1530 13 49
1531 17 41
1532 17 41
1533 25 22
1534 12 50
1535 17 45
1536 29 22
1537 28 26
1538 18 39
1539 8 54
1540 39 22
1541 15 43
1542 53 -11
1543 11 51
1544 21 28
1545 35 15
1546 12 50
1547 11 51
1548 24 34
1549 43 6
1550 15 45
1551 11 51
1552 14 44
1553 22 30
1554 45 -5
1555 38 18
1556 20 33
1557 30 28
1558 16 39
1559 16 42
1560 12 50
1561 17 44
1562 16 46
1563 15 46
1564 14 48
1565 51 -10
1566 13 49
1567 9 53
1568 25 29
1569 16 46
1570 19 39
1571 17 41
1572 18 44
1573 13 49
1574 39 18
1575 16 46
1576 16 42
1577 44 10
1578 11 50
1579 17 44
1580 22 35
1581 13 48
1582 16 46
1583 10 52
1584 14 48
1585 16 41
1586 20 42
1587 25 32
1588 24 32
1589 21 41
1590 26 35
1591 27 33
1592 17 40
1593 36 8
1593 188 -226
1594 94 -53
1595 212 -199
1596 55 0
1597 229 -260
1598 11 49
1599 46 -16
1600 526 -583
1601 329 -302
1602 19 39
1603 16 38
1604 25 28
1605 30 25
1606 143 -127
1607 31 31
1608 11 51
1609 22 35
1610 41 14
1611 29 28
1612 120 -100
1613 96 -56
1614 10 51
1615 32 17
1616 14 44
1617 14 47
1618 89 -54
1619 129 -104
1620 37 23
1621 64 -2
1622 29 33
1623 22 32
1624 28 26
1625 14 44
1626 75 -25
1627 434 -459
1628 24 37
1629 13 45
1630 132 -105
1631 236 -199
1632 16 46
1633 291 -284
1634 16 46
1635 32 22
1636 23 39
1637 17 41
1638 25 25
1639 46 14
1640 500 -524
1641 22 32
1642 36 18
1643 16 45
1644 102 -72
1645 23 35
1646 19 39
1647 16 46
1648 10 52
1649 20 39
1650 20 40
1651 19 42
1652 11 51
1653 15 42
1654 46 3
1655 15 47
1656 18 37
1657 13 49
1658 37 21
1659 85 -37
1660 31 27
1661 15 43
1662 14 40
1663 16 42
1664 35 14
1665 11 51
1666 20 42
1667 19 43
1668 20 41
1669 16 45
1670 27 34
1671 18 36
1672 24 33
1673 27 31
1674 14 47
1675 20 41
1676 13 44
1677 106 -85
1678 51 -2
1679 31 31
1680 36 9
1681 28 25
1682 15 47
1683 12 49
1684 27 35
1685 40 17
1686 47 9
1687 56 1
1688 16 38
1689 16 38
1690 14 48
1691 31 27
1692 14 48
1693 19 35
1694 16 46
1695 24 34
1696 19 32
1697 18 43
1698 19 39
1699 19 42
1700 18 43
1701 271 -289
1702 77 -26
1703 13 45
1704 43 9
1705 23 38
1706 16 45
1707 19 43
1708 19 39
1709 17 44
1710 16 44
1711 17 44
1712 21 33
1713 15 47
1714 12 50
1715 16 46
1716 21 36
1717 16 42
1718 17 40
1719 18 39
1720 13 49
1721 15 46
1722 17 36
1723 28 18
1724 14 48
1725 21 33
1726 22 36
1727 64 -21
1728 18 32
1729 10 52
1730 9 53
1731 19 39
1732 42 7
1733 16 41
1734 13 49
1735 8 54
1736 15 46
1737 13 45
1738 16 42
1739 13 48
1740 10 48
1741 22 39
1742 22 39
1743 22 31
1744 12 50
1745 31 22
1746 23 39
1747 20 42
1748 21 38
1749 13 44
1750 15 47
1751 21 37
1752 27 30
1753 33 24
1754 15 46
1755 15 46
1756 65 -4
1757 16 46
1758 36 19
1759 14 47
1760 15 47
1761 23 33
1762 20 41
1763 18 44
1764 41 21
1765 13 49
1766 23 39
1767 14 48
1768 16 38
1769 15 43
1770 47 7
1771 9 53
1772 21 32
1773 15 31
1774 17 37
1775 12 50
1776 17 37
1777 8 53
1778 24 34
1779 20 38
1780 13 49
1781 15 43
1782 25 33
1783 13 49
1784 23 35
1785 15 47
1786 15 43
1787 15 47
1788 30 16
1789 12 50
1790 23 35
1791 17 45
1792 9 53
1793 22 32
1794 15 39
1795 15 47
1796 12 50
1797 18 40
1798 17 43
1799 15 47
1800 17 45
1801 27 23
1802 13 49
1803 25 32
1804 16 46
1805 17 44
1806 20 32
1807 12 50
1808 9 53
1809 8 54
1810 25 33
1811 18 43
1812 17 41
1813 22 39
1814 15 47
1815 20 42
1816 12 50
1817 17 40
1818 15 47
1819 16 46
1820 14 48
1821 11 51
1822 10 52
1823 31 30
1824 26 32
1825 26 36
1826 18 40
1827 14 44
1828 13 49
1829 26 35
1830 10 52
1831 24 38
1832 13 49
1833 17 37
1834 11 51
1835 18 39
1836 25 29
1837 19 37
1838 17 33
1839 20 42
1840 19 40
1841 12 42
1842 12 50
1843 16 42
1844 12 50
1845 12 50
1846 13 45
1847 10 52
1848 19 39
1849 16 45
1850 39 16
1851 13 45
1852 16 42
1853 20 41
1854 20 38
1855 15 43
1856 18 39
1857 21 40
1858 9 52
1859 19 34
1860 21 40
1861 17 41
1862 16 46
1863 15 47
1864 17 41
1865 19 39
1866 11 51
1867 23 35
1868 14 44
1869 12 50
1870 18 39
1871 25 29
1872 14 48
1873 14 44
1874 15 46
1875 24 34
1876 24 36
1877 13 48
1878 9 49
1879 23 33
1880 31 24
1881 16 42
1882 8 54
1883 13 49
1884 26 36
1885 15 47
1886 15 47
1887 13 49
1888 16 46
1889 13 49
1890 29 29
1891 13 49
1892 38 6
1893 11 51
1894 13 49
1895 11 51
1896 22 39
1897 25 33
1898 22 40
1899 16 45
1900 27 27
1901 20 42
1902 22 30
1903 13 49
1904 11 51
1905 19 42
1906 13 49
1907 14 43
1908 21 27
1909 43 19
1910 20 36
1911 23 29
1912 36 17
1913 18 43
1914 13 44
1915 21 37
1916 23 30
1917 15 46
1918 30 25
1919 12 50
1920 24 34
1921 13 43
1922 14 44
1923 14 40
1924 14 44
1925 10 52
1926 8 54
1927 13 49
1928 18 44
1929 20 42
1930 10 48
1931 17 45
1932 15 47
1933 10 48
1934 25 37
1935 10 52
1936 23 31
1937 21 25
1938 17 45
1939 17 45
1940 18 39
1941 14 44
1942 15 46
1943 11 51
1944 12 50
1945 24 36
1946 14 48
1947 16 45
1948 17 41
1949 17 45
1950 14 47
1951 14 48
1952 17 45
1953 19 33
1954 13 41
1955 12 50
1956 37 24
1957 13 41
1958 20 34
1959 21 36
1960 26 36
1961 21 35
1962 17 44
1963 19 43
1964 13 48
1965 13 49
1966 17 44
1967 13 45
1968 21 41
1969 12 46
1970 16 45
1971 19 43
1972 11 51
1973 15 47
1974 16 42
1975 13 45
1976 12 49
1977 21 32
1978 13 48
1979 18 36
1980 13 49
1981 21 41
1982 12 50
1983 18 44
1984 8 54
1985 15 43
1986 13 45
1987 28 26
1988 14 44
1989 24 37
1990 22 35
1991 12 50
1992 13 45
1993 19 32
1994 8 53
1995 13 45
1996 21 41
1997 15 47
1998 17 45
1999 14 48
2000 72 -21
2001 16 42
2002 21 41
2003 20 38
2004 13 49
2005 14 48
2006 14 48
2007 12 50
2008 17 37
2009 11 50
2010 27 29
2011 18 44
2012 11 51
2013 28 18
2014 18 40
2015 14 48
2016 17 43
2017 19 39
2018 20 37
2019 24 37
2020 17 44
2021 200 -177
2022 14 48
2023 26 34
2024 14 43
2025 12 50
2026 14 43
2027 14 48
2028 11 51
2029 19 39
2030 17 44
2031 14 47
2032 18 36
2033 18 32
2034 28 22
2035 21 41
2036 16 46
2037 15 47
2038 8 54
2039 16 46
2040 12 45
2041 12 50
2042 14 48
2043 21 36
2044 16 45
2045 19 42
2046 19 39
2047 13 49
2048 21 33
2049 25 36
2050 10 52
2051 19 43
2052 11 51
2053 15 46
2054 12 50
2055 14 47
2056 11 51
2057 11 47
2058 20 37
2059 16 42
2060 15 39
2061 20 29
2062 17 44
2063 16 45
2064 14 48
2065 21 41
2066 27 27
2067 17 45
2068 17 41
2069 25 31
2070 16 46
2071 11 50
2072 15 46
2073 14 48
2074 21 41
2075 17 45
2076 22 35
2077 20 34
2078 18 39
2079 14 47
2080 17 41
2081 21 40
2082 11 47
2083 14 44
2084 16 46
2085 16 42
2086 10 52
2087 19 31
2088 17 45
2089 20 42
2090 24 29
2091 23 27
2092 11 51
2093 14 48
2094 22 40
2095 14 48
2096 16 42
2097 12 50
2098 16 38
2099 22 39
2100 16 37
2101 28 30
2102 15 45
2103 20 42
2104 30 27
2105 17 45
2106 17 40
2107 14 44
2108 22 40
2109 16 46
2110 21 29
2111 11 47
2112 22 38
2113 17 41
2114 18 43
2115 10 52
2116 20 34
2117 20 38
2118 13 49
2119 20 42
2120 11 49
2121 10 52
2122 11 51
2123 17 45
2124 19 43
2125 14 48
2126 28 24
2127 23 31
2128 16 42
2129 23 38
2130 11 50
2131 13 48
2132 11 51
2133 19 39
2134 17 45
2135 28 30
2136 22 39
2137 17 41
2138 11 50
2139 19 42
2140 15 47
2141 11 47
2142 15 47
2143 30 24
2144 13 48
2145 16 38
2146 17 37
2147 15 47
2148 9 49
2149 18 43
2150 19 34
2151 15 43
2152 20 38
2153 19 37
2154 16 45
2155 23 35
2156 24 21
2157 23 34
2158 12 45
2159 14 44
2160 13 49
2161 26 35
2162 18 39
2163 19 43
2164 13 49
2165 17 45
2166 16 46
2167 28 27
2168 13 49
2169 16 42
2170 16 46
2171 32 26
2172 18 38
2173 12 50
2174 16 46
2175 24 36
2176 21 28
2177 15 47
2178 16 46
2179 25 35
2180 17 36
2181 9 53
2182 15 45
2183 18 43
2184 35 22
2185 19 39
2186 21 40
2187 10 52
2188 16 46
2189 12 50
2190 16 42
2191 21 37
2192 26 23
2193 20 38
2194 12 50
2195 14 48
2196 14 48
2197 19 42
2198 17 41
2199 16 45
2200 19 43
2201 18 39
2202 10 52
2203 16 43
2204 19 39
2205 18 44
2206 14 43
2207 11 51
2208 15 39
2209 13 49
2210 12 46
2211 14 48
2212 9 53
2213 14 48
2214 13 45
2215 24 38
2216 16 42
2217 12 50
2218 20 42
2219 16 42
2220 15 47
2221 14 44
2222 19 42
2223 16 38
2224 16 46
2225 13 49
2226 16 43
2227 11 50
2228 15 42
2229 23 30
2230 13 49
2231 15 47
2232 18 44
2233 20 34
2234 10 51
2235 22 40
2236 10 52
2237 15 47
2238 16 45
2239 12 50
2240 15 47
2241 19 43
2242 16 42
2243 18 43
2244 16 41
2245 9 53
2246 12 50
2247 16 46
2248 17 41
2249 13 37
2250 16 45
2251 14 36
2252 25 29
2253 17 41
2254 12 50
2255 15 47
2256 15 47
2257 11 51
2258 12 46
2259 21 41
2260 14 44
2261 17 41
2262 15 43
2263 19 39
2264 19 43
2265 9 53
2266 15 47
2267 12 50
2268 12 50
2269 25 29
2270 16 46
2271 15 43
2272 19 43
2273 22 31
2274 12 50
2275 14 44
2276 18 36
2277 12 41
2278 14 48
2279 26 36
2280 18 38
2281 18 44
2282 14 44
2283 16 41
2284 12 46
2285 11 51
2286 8 54
2287 15 47
2288 16 46
2289 13 49
2290 18 43
2291 20 41
2292 12 50
2293 18 36
2294 17 45
2295 12 50
2296 24 34
2297 9 53
2298 16 37
2299 11 50
2300 18 44
2301 9 53
2302 13 48
2303 13 49
2304 21 41
2305 16 41
2306 9 53
2307 7 55
2308 13 48
2309 13 49
2310 14 48
2311 19 42
2312 15 42
2313 9 53
2314 10 52
2315 22 40
2316 18 43
2317 11 51
2318 16 46
2319 8 54
2320 13 45
2321 18 40
2322 16 42
2323 14 44
2324 14 48
2325 14 48
2326 17 43
2327 18 39
2328 14 44
2329 13 49
2330 18 43
2331 10 48
2332 13 49
2333 10 52
2334 16 37
2335 15 42
2336 24 29
2337 16 41
2338 13 49
2339 11 51
2340 18 36
2341 17 40
2342 14 44
2343 10 52
2344 20 41
2345 15 47
2346 16 45
2347 19 42
2348 15 47
2349 13 49
2350 15 47
2351 10 48
2352 21 32
2353 16 45
2354 12 50
2355 11 47
2356 7 55
2357 16 45
2358 16 46
2359 16 46
2360 11 50
2361 12 46
2362 13 49
2363 13 48
2364 10 52
2365 20 42
2366 11 51
2367 13 49
2368 16 45
2369 16 42
2370 16 45
2371 12 48
2372 10 51
2373 12 50
2374 10 52
2375 12 50
2376 15 47
2377 15 42
2378 11 47
2379 13 48
2380 10 52
2381 13 49
2382 16 46
2383 8 54
2384 11 47
2385 10 52
2386 17 37
2387 12 50
2388 16 46
2389 10 51
2390 13 49
2391 14 40
2392 19 38
2393 15 47
2394 18 43
2395 14 48
2396 15 43
2397 25 36
2398 17 45
2399 19 38
2400 18 39
2401 12 46
2402 15 47
2403 14 48
2404 15 47
2405 14 47
2406 17 45
2407 16 42
2408 10 52
2409 24 33
2410 12 50
2411 21 28
2412 11 47
2413 16 46
2414 23 30
2415 12 50
2416 17 44
2417 14 48
2418 13 45
2419 16 46
2420 16 42
2421 17 44
2422 14 44
2423 17 45
2424 15 47
2425 23 38
2426 12 50
2427 13 45
2428 20 42
2429 22 36
2430 16 45
2431 11 51
2432 22 35
2433 18 42
2434 16 42
2435 16 45
2436 15 46
2437 12 50
2438 24 36
2439 14 40
2440 19 42
2441 22 38
2442 13 49
2443 18 39
2444 14 48
2445 12 46
2446 16 42
2447 20 41
2448 18 40
2449 18 40
2450 10 47
2451 10 52
2452 17 40
2453 12 49
2454 12 42
2455 13 49
2456 19 42
2457 12 50
2458 21 41
2459 19 43
2460 19 43
2461 16 42
2462 14 44
2463 26 31
2464 19 42
2465 23 39
2466 19 39
2467 12 50
2468 11 51
2469 12 50
2470 16 46
2471 12 50
2472 17 45
2473 17 37
2474 23 33
2475 24 33
2476 11 50
2477 13 48
2478 17 40
2479 10 52
2480 13 49
2481 17 45
2482 15 47
2483 9 53
2484 16 42
2485 16 46
2486 19 33
2487 12 50
2488 13 41
2489 22 36
2490 19 42
2491 10 52
2492 21 37
2493 13 45
2494 11 47
2495 27 27
2496 14 48
2497 19 30
2498 18 40
2499 19 34
2500 16 42
2501 15 47
2502 12 50
2503 24 36
2504 12 46
2505 14 47
2506 13 45
2507 16 42
2508 14 48
2509 19 43
2510 19 39
2511 13 49
2512 27 26
2513 22 35
2514 11 51
2515 17 40
2516 16 42
2517 12 49
2518 11 51
2519 14 44
2520 14 47
2521 28 26
2522 17 41
2523 16 45
2524 17 41
2525 22 36
2526 9 53
2527 14 44
2528 13 48
2529 12 50
2530 18 44
2531 15 47
2532 21 34
2533 12 50
2534 11 51
2535 15 47
2536 16 46
2537 14 44
2538 21 40
2539 17 44
2540 12 49
2541 17 45
2542 8 54
2543 20 38
2544 17 45
2545 16 42
2546 13 49
2547 16 38
2548 15 47
2549 20 37
2550 12 50
2551 18 44
2552 17 40
2553 15 46
2554 13 49
2555 13 49
2556 16 37
2557 18 40
2558 11 46
2559 19 31
2560 15 45
2561 13 49
2562 22 31
2563 15 43
2564 11 51
2565 16 44
2566 15 47
2567 17 45
2568 9 49
2569 8 53
2570 18 39
2571 13 49
2572 12 46
2573 15 43
2574 14 48
2575 13 49
2576 14 48
2577 16 46
2578 15 43
2579 14 48
2580 17 41
2581 23 36
2582 15 47
2583 11 49
2584 24 36
2585 19 43
2586 10 52
2587 24 33
2588 16 46
2589 9 53
2590 11 51
2591 16 46
2592 19 35
2593 21 37
2594 21 41
2595 14 48
2596 16 41
2597 13 49
2598 15 43
2599 12 50
2600 13 49
2601 12 50
2602 14 44
2603 13 49
2604 17 40
2605 17 39
2606 14 48
2607 18 38
2608 18 44
2609 15 43
2610 15 47
2611 15 42
2612 12 49
2613 16 44
2614 16 46
2615 17 45
2616 14 48
2617 18 39
2618 8 54
2619 21 40
2620 10 51
2621 15 47
2622 17 43
2623 17 41
2624 19 39
2625 17 43
2626 19 34
2627 14 48
2628 19 34
2629 8 54
2630 17 45
2631 14 48
2632 10 52
2633 24 30
2634 18 44
2635 25 24
2636 21 36
2637 16 45
2638 13 49
2639 13 49
2640 10 51
2641 15 46
2642 15 47
2643 14 47
2644 19 38
2645 12 50
2646 16 45
2647 13 49
2648 11 50
2649 26 35
2650 12 50
2651 12 50
2652 12 50
2653 19 38
2654 21 29
2655 12 49
2656 10 48
2657 19 43
2658 19 41
2659 13 49
2660 13 49
2661 19 38
2662 23 30
2663 15 47
2664 15 47
2665 13 44
2666 20 34
2667 13 40
2668 19 38
2669 19 43
2670 17 45
2671 10 52
2672 16 42
2673 9 49
2674 8 54
2675 18 44
2676 9 52
2677 15 47
2678 14 44
2679 12 49
2680 17 45
2681 14 47
2682 16 38
2683 17 41
2684 12 50
2685 24 29
2686 19 43
2687 9 53
2688 13 45
2689 22 35
2690 17 41
2691 14 44
2692 17 41
2693 16 46
2694 17 41
2695 19 39
2696 13 49
2697 16 45
2698 13 48
2699 18 39
2700 18 43
2701 22 36
2702 11 51
2703 11 51
2704 17 45
2705 15 42
2706 18 44
2707 9 53
2708 13 45
2709 15 45
2710 25 35
2711 13 49
2712 17 44
2713 9 53
2714 16 46
2715 18 44
2716 7 55
2717 13 45
2718 19 39
2719 10 52
2720 16 42
2721 18 35
2722 17 37
2723 16 42
2724 12 50
2725 14 48
2726 16 41
2727 18 44
2728 15 43
2729 15 39
2730 17 41
2731 21 37
2732 15 47
2733 23 39
2734 18 40
2735 13 48
2736 15 46
2737 15 43
2738 22 28
2739 22 28
2740 14 48
2741 19 34
2742 14 48
2743 23 31
2744 10 52
2745 11 51
2746 11 51
2747 10 52
2748 15 46
2749 14 47
2750 17 41
2751 16 46
2752 13 49
2753 19 39
2754 16 46
2755 15 47
2756 13 49
2757 12 50
2758 20 35
2759 13 49
2760 10 52
2761 18 44
2762 15 43
2763 16 42
2764 24 37
2765 18 44
2766 22 31
2767 15 47
2768 22 36
2769 20 42
2770 14 48
2771 25 29
2772 12 50
2773 13 49
2774 13 49
2775 8 54
2776 16 42
2777 13 49
2778 22 39
2779 16 37
2780 12 50
2781 18 35
2782 10 52
2783 13 44
2784 13 49
2785 14 48
2786 19 38
2787 16 46
2788 15 43
2789 18 36
2790 12 50
2791 14 48
2792 13 49
2793 21 36
2794 16 42
2795 18 42
2796 14 48
2797 21 33
2798 16 42
2799 10 52
2800 18 36
2801 16 46
2802 10 52
2803 19 39
2804 20 37
2805 14 48
2806 16 46
2807 14 48
2808 16 46
2809 12 50
2810 17 45
2811 20 41
2812 16 42
2813 15 43
2814 21 29
2815 13 45
2816 13 49
2817 16 46
2818 21 35
2819 14 44
2820 11 51
2821 14 48
2822 22 38
2823 15 43
2824 24 37
2825 19 38
2826 16 38
2827 14 44
2828 13 45
2829 15 47
2830 21 40
2831 12 50
2832 18 44
2833 18 42
2834 16 44
2835 18 43
2836 16 46
2837 15 47
2838 16 45
2839 13 49
2840 18 39
2841 13 49
2842 18 40
2843 21 40
2844 9 53
2845 15 38
2846 17 44
2847 12 50
2848 12 50
2849 17 44
2850 18 40
2851 13 49
2852 14 48
2853 18 44
2854 18 44
2855 10 52
2856 17 32
2857 16 46
2858 15 46
2859 18 38
2860 21 28
2861 23 27
2862 9 53
2863 18 40
2864 12 50
2865 11 51
2866 11 51
2867 16 45
2868 14 44
2869 20 42
2870 14 43
2871 14 44
2872 19 39
2873 22 35
2874 14 48
2875 22 39
2876 14 48
2877 19 39
2878 15 39
2879 15 47
2880 18 39
2881 10 52
2882 22 38
2883 15 47
2884 16 42
2885 11 47
2886 11 51
2887 9 53
2888 19 38
2889 15 47
2890 15 43
2891 19 39
2892 15 46
2893 17 44
2894 13 49
2895 18 44
2896 18 44
2897 19 39
2898 16 46
2899 18 43
2900 9 53
2901 13 49
2902 24 37
2903 9 53
2904 10 52
2905 12 50
2906 11 51
2907 14 48
2908 21 40
2909 16 42
2910 17 45
2911 23 34
2912 19 34
2913 16 46
2914 13 49
2915 16 46
2916 13 44
2917 16 46
2918 13 49
2919 14 48
2920 16 38
2921 16 42
2922 18 42
2923 14 48
2924 17 41
2925 19 39
2926 14 44
2927 13 45
2928 10 52
2929 15 47
2930 22 40
2931 19 35
2932 12 50
2933 16 33
2934 16 46
2935 13 49
2936 21 41
2937 13 45
2938 15 47
2939 17 44
2940 13 45
2941 15 42
2942 11 51
2943 15 39
2944 12 50
2945 16 41
2946 23 38
2947 13 48
2948 23 35
2949 19 34
2950 13 49
2951 18 43
2952 19 42
2953 17 43
2954 13 49
2955 16 46
2956 13 49
2957 11 51
2958 15 43
2959 20 42
2960 13 49
2961 12 50
2962 19 42
2963 18 43
2964 17 41
2965 17 37
2966 18 40
2967 19 39
2968 14 47
2969 8 54
2970 15 47
2971 9 53
2972 15 47
2973 14 47
2974 20 33
2975 17 39
2976 19 34
2977 16 46
2978 13 49
2979 20 27
2980 20 36
2981 9 53
2982 12 50
2983 13 49
2984 12 46
2985 19 43
2986 14 48
2987 13 49
2988 16 44
2989 15 39
2990 15 46
2991 22 39
2992 14 48
2993 15 47
2994 17 45
2995 13 48
2996 20 42
2997 9 53
2998 15 43
2999 14 44
3000 15 43
3001 15 47
3002 15 47
3003 8 54
3004 19 42
3005 18 36
3006 13 49
3007 13 47
3008 16 45
3009 12 46
3010 15 46
3011 20 29
3012 11 47
3013 17 45
3014 18 43
3015 20 29
3016 16 46
3017 13 49
3018 13 49
3019 10 52
3020 25 20
3021 18 40
3022 14 44
3023 14 47
3024 14 48
3025 17 41
3026 17 40
3027 18 36
3028 22 40
3029 22 40
3030 18 43
3031 11 51
3032 11 51
3033 17 37
3034 17 45
3035 9 53
3036 16 46
3037 17 37
3038 14 44
3039 18 44
3040 16 45
3041 13 48
3042 19 34
3043 19 43
3044 11 51
3045 14 44
3046 24 29
3047 14 44
3048 17 45
3049 15 47
3050 13 49
3051 15 47
3052 18 44
3053 12 50
3054 19 39
3055 13 45
3056 12 50
3057 15 47
3058 18 44
3059 18 44
3060 18 39
3061 14 48
3062 13 44
3063 14 47
3064 16 46
3065 20 37
3066 16 45
3067 15 47
3068 16 45
3069 11 51
3070 17 41
3071 16 41
3072 21 36
3073 22 34
3074 18 40
3075 18 44
3076 14 47
3077 21 36
3078 15 43
3079 15 42
3080 12 42
3081 23 27
3082 17 37
3083 9 53
3084 12 49
3085 15 43
3086 15 46
3087 12 49
3088 19 40
3089 14 47
3090 21 41
3091 11 51
3092 17 45
3093 20 38
3094 14 44
3095 14 48
3096 16 46
3097 23 34
3098 10 51
3099 18 44
3100 14 48
3101 12 50
3102 14 48
3103 14 48
3104 14 48
3105 16 46
3106 17 41
3107 10 47
3108 14 44
3109 14 47
3110 22 36
3111 11 51
3112 14 48
3113 19 38
3114 13 49
3115 12 46
3116 15 43
3117 22 35
3118 11 51
3119 17 43
3120 9 52
3121 16 46
3122 15 47
3123 13 49
3124 17 45
3125 16 44
3126 17 44
3127 16 45
3128 10 52
3129 15 47
3130 16 42
3131 29 27
3132 26 28
3133 16 46
3134 13 49
3135 15 47
3136 16 37
3137 10 52
3138 18 36
3139 20 42
3140 15 43
3141 19 43
3142 17 45
3143 23 37
3144 17 37
3145 17 33
3146 17 45
3147 10 51
3148 16 42
3149 17 45
3150 17 41
3151 21 31
3152 15 46
3153 16 46
3154 15 39
3155 13 47
3156 12 50
3157 15 47
3158 15 43
3159 14 47
3160 16 33
3161 14 48
3162 18 40
3163 18 36
3164 18 39
3165 15 47
3166 13 49
3167 12 46
3168 10 48
3169 14 36
3170 14 44
3171 16 42
3172 17 45
3173 24 33
3174 12 50
3175 12 50
3176 15 47
3177 23 30
3178 17 40
3179 13 43
3180 16 45
3181 15 47
3182 12 46
3183 19 31
3184 16 41
3185 14 47
3186 17 41
3187 12 46
3188 21 41
3189 17 37
3190 17 45
3191 17 45
3192 12 50
3193 14 44
3194 14 44
3195 16 46
3196 18 44
3197 17 41
3198 22 40
3199 19 39
3200 11 51
3201 18 40
3202 21 33
3203 21 25
3204 11 50
3205 24 33
3206 20 38
3207 17 45
3208 17 43
3209 17 45
3210 20 32
3211 16 38
3212 10 52
3213 18 42
3214 13 48
3215 13 49
3216 17 37
3217 12 50
3218 16 45
3219 17 45
3220 17 41
3221 8 54
3222 13 49
3223 15 47
3224 21 32
3225 26 24
3226 21 40
3227 18 32
3228 18 40
3229 17 45
3230 16 46
3231 10 52
3232 17 45
3233 8 54
3234 21 37
3235 15 47
3236 16 38
3237 24 34
3238 14 48
3239 13 45
3240 19 35
3241 18 42
3242 19 43
3243 16 46
3244 13 48
3245 13 49
3246 15 43
3247 20 34
3248 10 52
3249 20 42
3250 19 38
3251 12 50
3252 16 46
3253 16 41
3254 14 48
3255 22 37
3256 13 49
3257 21 37
3258 20 42
3259 14 48
3260 12 49
3261 12 50
3262 14 47
3263 17 41
3264 13 49
3265 18 40
3266 16 45
3267 16 46
3268 13 44
3269 21 41
3270 14 47
3271 15 47
3272 18 40
3273 16 42
3274 20 42
3275 14 48
3276 11 47
3277 11 50
3278 13 49
3279 17 45
3280 17 44
3281 16 46
3282 12 49
3283 15 43
3284 10 52
3285 14 44
3286 15 47
3287 18 40
3288 17 37
3289 13 44
3290 19 38
3291 11 51
3292 10 51
3293 13 48
3294 16 42
3295 17 45
3296 13 49
3297 13 49
3298 20 38
3299 13 49
3300 19 39
3301 14 48
3302 17 41
3303 12 50
3304 22 22
3305 14 48
3306 13 48
3307 17 44
3308 8 54
3309 14 40
3310 12 50
3311 18 42
3312 11 43
3313 18 40
3314 14 47
3315 13 49
3316 13 48
3317 17 45
3318 10 52
3319 10 52
3320 15 47
3321 17 40
3322 17 45
3323 19 43
3324 13 49
3325 22 36
3326 14 48
3327 16 46
3328 18 44
3329 16 43
3330 16 37
3331 20 38
3332 12 45
3333 18 30
3334 16 42
3335 19 43
3336 15 47
3337 14 39
3338 10 51
3339 14 44
3340 9 53
3341 17 41
3342 14 44
3343 21 36
3344 13 45
3345 17 45
3346 20 42
3347 12 50
3348 17 40
3349 23 26
3350 14 48
3351 18 43
3352 15 39
3353 12 50
3354 18 35
3355 22 40
3356 13 49
3357 17 39
3358 14 48
3359 14 48
3360 10 52
3361 13 45
3362 16 46
3363 14 47
3364 9 53
3365 18 40
3366 17 41
3367 15 42
3368 13 49
3369 18 40
3370 17 41
3371 21 36
3372 13 49
3373 9 49
3374 11 50
3375 14 48
3376 14 44
3377 16 42
3378 11 47
3379 18 40
3380 10 52
3381 20 38
3382 19 35
3383 12 46
3384 15 47
3385 13 48
3386 19 42
3387 16 38
3388 18 40
3389 10 52
3390 10 51
3391 16 41
3392 17 44
3393 15 47
3394 15 42
3395 12 46
3396 23 39
3397 17 43
3398 23 37
3399 13 49
3400 31 25
3401 19 39
3402 16 46
3403 19 39
3404 17 37
3405 16 45
3406 14 47
3407 11 47
3408 11 51
3409 13 49
3410 12 50
3411 12 50
3412 21 37
3413 19 39
3414 10 52
3415 13 49
3416 10 52
3417 15 43
3418 18 44
3419 10 44
3420 15 46
3421 13 49
3422 14 48
3423 9 53
3424 11 51
3425 13 48
3426 14 48
3427 18 44
3428 10 52
3429 19 42
3430 19 43
3431 22 40
3432 14 44
3433 16 46
3434 20 38
3435 17 45
3436 21 41
3437 20 34
3438 13 49
3439 9 53
3440 18 39
3441 14 47
3442 15 43
3443 13 45
3444 22 36
3445 15 46
3446 19 30
3447 21 36
3448 10 52
3449 16 42
3450 9 53
3451 8 54
3452 16 38
3453 10 52
3454 18 44
3455 18 40
3456 14 48
3457 18 40
3458 13 49
3459 16 45
3460 12 50
3461 22 40
3462 17 45
3463 16 46
3464 15 47
3465 19 38
3466 15 47
3467 7 55
3468 12 50
3469 10 52
3470 19 43
3471 15 47
3472 12 50
3473 23 35
3474 11 51
3475 17 41
3476 15 47
3477 16 46
3478 16 46
3479 16 42
3480 11 51
3481 16 44
3482 11 51
3483 13 45
3484 15 46
3485 13 49
3486 19 39
3487 13 49
3488 11 51
3489 13 48
3490 16 46
3491 14 48
3492 10 52
3493 25 31
3494 14 48
3495 17 45
3496 20 38
3497 14 48
3498 18 34
3499 19 38
3500 15 41
3501 9 53
3502 21 37
3503 18 39
3504 13 49
3505 15 46
3506 16 40
3507 13 49
3508 19 43
3509 14 44
3510 12 49
3511 20 37
3512 14 44
3513 19 39
3514 18 43
3515 18 40
3516 15 46
3517 12 50
3518 16 45
3519 17 40
3520 13 49
3521 16 45
3522 8 54
3523 20 38
3524 15 46
3525 12 50
3526 16 46
3527 12 50
